[Cube0]
filePath=Resource\Wall.dds
scaleX=80.000000
scaleY=1.000000
scaleZ=1.000000
[Cube1]
filePath=Resource\Wall.dds
scaleX=1.000000
scaleY=1.000000
scaleZ=80.000000
