[Cube0]
filePath=Resource\burger0.dds
scaleX=1.000000
scaleY=1.000000
scaleZ=1.000000
[Cube1]
filePath=Resource\burger1.dds
scaleX=2.000000
scaleY=3.000000
scaleZ=1.000000
[Cube2]
filePath=Resource\burger2.dds
scaleX=1.000000
scaleY=2.000000
scaleZ=2.000000
[Cube3]
filePath=Resource\burger3.dds
scaleX=2.000000
scaleY=1.000000
scaleZ=2.000000
