[Start]
CubeCnt=4
[PickingCube0]
filePath=Resource\Wall.dds
scaleX=30.000000
scaleY=1.000000
scaleZ=1.000000
worldposX=15.000000
worldposY=0.500000
worldposZ=29.500000
[PickingCube1]
filePath=Resource\Wall.dds
scaleX=30.000000
scaleY=1.000000
scaleZ=1.000000
worldposX=15.000000
worldposY=0.500000
worldposZ=0.500000
[PickingCube2]
filePath=Resource\Wall.dds
scaleX=1.000000
scaleY=1.000000
scaleZ=30.000000
worldposX=0.500000
worldposY=0.500000
worldposZ=15.000000
[PickingCube3]
filePath=Resource\Wall.dds
scaleX=1.000000
scaleY=1.000000
scaleZ=30.000000
worldposX=29.500000
worldposY=0.500000
worldposZ=15.000000
